TIME,VALUE,DURATION,LABEL
0.000000000,1,51.400000000,A
51.400000000,2,17.400000000,B
68.800000000,3,4.200000000,C
73.000000000,1,15.600000000,A
88.600000000,2,21.600000000,B
110.200000000,1,44.400000000,A
154.600000000,2,7.200000000,B
161.800000000,3,22.200000000,C
184.000000000,4,14.800000000,D
198.800000000,1,25.000000000,A