TIME,VALUE,DURATION,LABEL
0.000000000,1,11.800000000,A
11.800000000,2,19.800000000,B
31.600000000,3,7.800000000,C
39.400000000,4,12.400000000,D
51.800000000,1,10.000000000,A
61.800000000,5,8.600000000,E
70.400000000,3,8.800000000,C
79.200000000,4,26.000000000,D
105.200000000,6,37.200000000,F
142.400000000,7,8.400000000,G
150.800000000,4,26.400000000,D
177.200000000,1,18.600000000,A
195.800000000,8,17.600000000,H