TIME,VALUE,DURATION,LABEL
0.000000000,0,0.174149660,N1
0.174149660,2,12.887074830,B
13.061224490,3,20.572879819,C
33.634104308,1,18.692063492,A
52.326167800,0,8.893242630,N2
61.219410431,2,13.084444444,B
74.303854875,0,21.037278912,N3
95.341133787,3,21.037278912,C
116.378412698,1,22.442086168,A
138.820498866,1,22.442086168,A
161.262585034,1,22.442086168,A
183.704671202,1,19.632471655,A
203.337142857,2,13.096054422,B
216.433197279,0,6.072018141,N9
222.505215420,2,15.418049887,B