CLIP_NAME,DURATION,TIMESTAMP
8.L,0:16.093,0.264
16.L,0:32.187,16.358
16.L,0:32.187,48.546
16.L,0:32.187,80.733
16.L,0:32.187,112.921
16.L,0:32.187,145.109
16.L,0:32.187,177.297
16.L,0:32.187,209.484
x.L,0:10.057,241.672
16.L,0:30.343,15.406
16.L,0:30.343,45.75
16.L,0:30.343,76.094
16.L,0:30.343,106.437
12.L,0:22.757,136.781
16.L,0:30.343,159.539
x.L,0:53.101,189.883
16.L,0:30.343,242.984
16.L,0:30.343,273.328
24.L,0:45.515,303.672
x.L,0:03.132,349.187
