CLIP_NAME,DURATION,TIMESTAMP
8.L,0:14.414,0.265
8.L,0:14.414,14.68
6.L,0:10.795,29.094
10. Vitalic - La Mort Sur Le Dancefloor-28.L,0:00.014,39.89
8.L,0:14.394,39.905
4.L,0:07.204,54.299
10.L,0:17.998,61.504
8.L,0:14.409,79.502
8.L,0:14.409,93.911
8.L,0:14.409,108.32
8.L,0:14.409,122.729
8.L,0:14.409,137.138
8.L,0:14.409,151.547
8.L,0:14.409,165.956
8.L,0:14.347,180.365
8.L,0:14.409,194.713
x.L,0:04.384,209.122
