TIME,VALUE,DURATION,LABEL
0.000000000,0,0.650158730,N1
0.650158730,1,42.132607710,A
42.782766440,1,40.228571429,A
83.011337868,0,17.240816327,N3
100.252154195,2,15.801179138,B
116.053333333,2,14.733061224,B
130.786394558,0,23.092244898,N5
153.878639456,1,40.228571429,A
194.107210884,0,30.615510204,N6