CLIP_NAME,DURATION,TIMESTAMP
4.R,20.625,0.0
4.R,20.042,20.625
4.R,22.382,40.667
4.R,18.172,63.049
4.R,20.075,81.222
4.R,20.285,101.298
4.R,20.289,121.583
4.R,20.135,141.872
4.R,20.317,162.008
4.R,20.108,182.325
4.R,20.036,202.434
4.R,20.075,222.47
x.R,6.574,242.545
