TIME,VALUE,DURATION,LABEL
0.000000000,1,15.600000000,A
15.600000000,2,47.000000000,B
62.600000000,3,51.200000000,C
113.800000000,4,9.800000000,D
123.600000000,1,30.400000000,A
154.000000000,5,63.800000000,E
217.800000000,1,17.800000000,A
235.600000000,2,5.000000000,B
240.600000000,3,33.000000000,C
273.600000000,6,55.000000000,F
328.600000000,1,11.400000000,A