TIME,VALUE,DURATION,LABEL
0.000000000,1,21.200000000,A
21.200000000,2,29.000000000,B
50.200000000,3,59.600000000,C
109.800000000,1,36.400000000,A
146.200000000,4,28.200000000,D
174.400000000,5,16.400000000,E
190.800000000,6,27.600000000,F
218.400000000,1,45.000000000,A
263.400000000,4,21.000000000,D
284.400000000,5,15.400000000,E
299.800000000,4,28.000000000,D
327.800000000,5,16.600000000,E
344.400000000,1,26.600000000,A