TIME,VALUE,DURATION,LABEL
0.000000000,1,39.800000000,A
39.800000000,2,14.000000000,B
53.800000000,3,7.400000000,C
61.200000000,4,9.200000000,D
70.400000000,3,14.000000000,C
84.400000000,1,40.400000000,A
124.800000000,3,13.200000000,C
138.000000000,4,10.200000000,D
148.200000000,3,6.000000000,C
154.200000000,1,28.800000000,A
183.000000000,2,6.400000000,B
189.400000000,5,19.600000000,E
209.000000000,2,14.400000000,B
223.400000000,1,7.800000000,A