TIME,VALUE,DURATION,LABEL
0.000000000,1,13.600000000,A
13.600000000,2,16.000000000,B
29.600000000,3,10.000000000,C
39.600000000,4,15.000000000,D
54.600000000,5,12.800000000,E
67.400000000,6,6.000000000,F
73.400000000,3,35.800000000,C
109.200000000,2,9.600000000,B
118.800000000,7,28.000000000,G
146.800000000,2,15.000000000,B
161.800000000,3,7.600000000,C
169.400000000,4,7.400000000,D
176.800000000,5,6.800000000,E
183.600000000,8,38.800000000,H