TIME,VALUE,DURATION,LABEL
0.000000000,1,34.400000000,A
34.400000000,2,4.800000000,B
39.200000000,3,22.600000000,C
61.800000000,4,8.200000000,D
70.000000000,5,28.200000000,E
98.200000000,4,22.800000000,D
121.000000000,3,4.600000000,C
125.600000000,5,27.800000000,E
153.400000000,2,19.600000000,B
173.000000000,1,19.000000000,A